-542.480632552081    1.65    0    0.939693
-541.785532035198    1.65    0.1    0.939693
-541.924133263015    1.65    0.1    0.866025
-542.091105845537    1.65    0.1    0.766044
-542.265178300739    1.65    0.1    0.642788
-542.425413428783    1.65    0.1    0.5
-542.553678697499    1.65    0.1    0.34202
-542.636267451808    1.65    0.1    0.173648
-542.664742807681    1.65    0.1    1.61554e-15
-539.708831885817    1.65    0.2    0.939693
-540.301823465408    1.65    0.2    0.866025
-540.992778735424    1.65    0.2    0.766044
-541.684861723813    1.65    0.2    0.642788
-542.293635014905    1.65    0.2    0.5
-542.759732840588    1.65    0.2    0.34202
-543.049446373073    1.65    0.2    0.173648
-543.147416909702    1.65    0.2    1.61554e-15
-536.388146190746    1.65    0.3    0.939693
-537.855828690801    1.65    0.3    0.866025
-539.435563099458    1.65    0.3    0.766044
-540.933119400407    1.65    0.3    0.642788
-542.185497893064    1.65    0.3    0.5
-543.089694972318    1.65    0.3    0.34202
-543.623426195574    1.65    0.3    0.173648
-543.798733855387    1.65    0.3    1.61554e-15
-530.823572474638    1.65    0.4    0.939693
-534.418081543198    1.65    0.4    0.866025
-537.770557094900    1.65    0.4    0.766044
-540.279942190002    1.65    0.4    0.642788
-542.222177112380    1.65    0.4    0.5
-543.533946313509    1.65    0.4    0.34202
-544.261027633268    1.65    0.4    0.173648
-544.491637242953    1.65    0.4    1.61554e-15
-521.919703225057    1.65    0.5    0.939693
-530.571864767140    1.65    0.5    0.866025
-536.077558570347    1.65    0.5    0.766044
-539.961272746039    1.65    0.5    0.642788
-542.481037687662    1.65    0.5    0.5
-544.059175236747    1.65    0.5    0.34202
-544.876200919491    1.65    0.5    0.173648
-545.126217597010    1.65    0.5    1.61554e-15
-508.696923948225    1.65    0.6    0.939693
-526.809968416715    1.65    0.6    0.866025
-535.380483964919    1.65    0.6    0.766044
-540.098653215843    1.65    0.6    0.642788
-542.962544050514    1.65    0.6    0.5
-544.609623143023    1.65    0.6    0.34202
-545.407426933382    1.65    0.6    0.173648
-545.643671649511    1.65    0.6    1.61554e-15
-495.070542847850    1.65    0.7    0.939693
-524.873379630904    1.65    0.7    0.866025
-535.620602924446    1.65    0.7    0.766044
-540.683830393342    1.65    0.7    0.642788
-543.603578200454    1.65    0.7    0.5
-545.136738532242    1.65    0.7    0.34202
-545.824473493708    1.65    0.7    0.173648
-546.024287476107    1.65    0.7    1.61554e-15
-491.287052919626    1.65    0.8    0.939693
-526.010914727245    1.65    0.8    0.866025
-536.726332502716    1.65    0.8    0.766044
-541.586066045913    1.65    0.8    0.642788
-544.302389007900    1.65    0.8    0.5
-545.574670892570    1.65    0.8    0.34202
-546.122131152638    1.65    0.8    0.173648
-546.276077016039    1.65    0.8    1.61554e-15
-544.979209602174    1.9    0    0.939693
-544.616535723276    1.9    0.1    0.939693
-544.686959683963    1.9    0.1    0.866025
-544.771677484749    1.9    0.1    0.766044
-544.859881926982    1.9    0.1    0.642788
-544.940996989131    1.9    0.1    0.5
-545.005891848990    1.9    0.1    0.34202
-545.047666663817    1.9    0.1    0.173648
-545.062068900238    1.9    0.1    1.61554e-15
-543.460357182959    1.9    0.2    0.939693
-543.785370365089    1.9    0.2    0.866025
-544.156225840645    1.9    0.2    0.766044
-544.520479811454    1.9    0.2    0.642788
-544.836777366426    1.9    0.2    0.5
-545.077498860848    1.9    0.2    0.34202
-545.226862097297    1.9    0.2    0.173648
-545.277363348573    1.9    0.2    1.61554e-15
-541.360971447070    1.9    0.3    0.939693
-542.234757984298    1.9    0.3    0.866025
-543.172541632034    1.9    0.3    0.766044
-544.025170730137    1.9    0.3    0.642788
-544.707244922180    1.9    0.3    0.5
-545.189587486271    1.9    0.3    0.34202
-545.473023800148    1.9    0.3    0.173648
-545.566139000521    1.9    0.3    1.61554e-15
-538.340833086626    1.9    0.4    0.939693
-540.116918315581    1.9    0.4    0.866025
-541.940130380072    1.9    0.4    0.766044
-543.487488459159    1.9    0.4    0.642788
-544.614989046549    1.9    0.4    0.5
-545.344514906158    1.9    0.4    0.34202
-545.745802246084    1.9    0.4    0.173648
-545.873127703391    1.9    0.4    1.61554e-15
-534.043749373128    1.9    0.5    0.939693
-537.687356160473    1.9    0.5    0.866025
-540.691396876514    1.9    0.5    0.766044
-543.049731739491    1.9    0.5    0.642788
-544.617237154960    1.9    0.5    0.5
-545.538214183386    1.9    0.5    0.34202
-546.009892551720    1.9    0.5    0.173648
-546.154025359643    1.9    0.5    1.61554e-15
-527.879369903590    1.9    0.6    0.939693
-535.049066947161    1.9    0.6    0.866025
-539.709188929546    1.9    0.6    0.766044
-542.841744033396    1.9    0.6    0.642788
-544.746333332242    1.9    0.6    0.5
-545.756573801759    1.9    0.6    0.34202
-546.238898152054    1.9    0.6    0.173648
-546.380768332298    1.9    0.6    1.61554e-15
-519.223835887920    1.9    0.7    0.939693
-532.848917573341    1.9    0.7    0.866025
-539.199951665022    1.9    0.7    0.766044
-542.928057246730    1.9    0.7    0.642788
-544.983577026150    1.9    0.7    0.5
-545.981637734327    1.9    0.7    0.34202
-546.420117460150    1.9    0.7    0.173648
-546.542228074213    1.9    0.7    1.61554e-15
-510.319460202928    1.9    0.8    0.939693
-531.678405037979    1.9    0.8    0.866025
-539.280331400479    1.9    0.8    0.766044
-543.390817944773    1.9    0.8    0.642788
-545.307505346188    1.9    0.8    0.5
-546.184563677289    1.9    0.8    0.34202
-546.540451399305    1.9    0.8    0.173648
-546.640928538818    1.9    0.8    1.61554e-15
-546.140120634897    2.15    0    0.939693
-545.955914440438    2.15    0.1    0.939693
-545.991258670268    2.15    0.1    0.866025
-546.033797478779    2.15    0.1    0.766044
-546.078117952120    2.15    0.1    0.642788
-546.118909187556    2.15    0.1    0.5
-546.151569042126    2.15    0.1    0.34202
-546.172606024835    2.15    0.1    0.173648
-546.179861129750    2.15    0.1    1.61554e-15
-545.365017170939    2.15    0.2    0.939693
-545.527130179932    2.15    0.2    0.866025
-545.712542220657    2.15    0.2    0.766044
-545.895273059435    2.15    0.2    0.642788
-546.054575397372    2.15    0.2    0.5
-546.176264356870    2.15    0.2    0.34202
-546.251979411039    2.15    0.2    0.173648
-546.277616598888    2.15    0.2    1.61554e-15
-544.249438976431    2.15    0.3    0.939693
-544.700179279273    2.15    0.3    0.866025
-545.178383716270    2.15    0.3    0.766044
-545.612072853458    2.15    0.3    0.642788
-545.960400431520    2.15    0.3    0.5
-546.208127832371    2.15    0.3    0.34202
-546.354325156127    2.15    0.3    0.173648
-546.402454078504    2.15    0.3    1.61554e-15
-542.427466080187    2.15    0.4    0.939693
-543.455828572035    2.15    0.4    0.866025
-544.456040259754    2.15    0.4    0.766044
-545.273778658273    2.15    0.4    0.642788
-545.865700526505    2.15    0.4    0.5
-546.250201727555    2.15    0.4    0.34202
-546.462375625715    2.15    0.4    0.173648
-546.529757345610    2.15    0.4    1.61554e-15
-539.809382328599    2.15    0.5    0.939693
-541.797113358601    2.15    0.5    0.866025
-543.615962179849    2.15    0.5    0.766044
-544.948429625657    2.15    0.5    0.642788
-545.804584118089    2.15    0.5    0.5
-546.306224242402    2.15    0.5    0.34202
-546.562589696715    2.15    0.5    0.173648
-546.640680410861    2.15    0.5    1.61554e-15
-536.429801921209    2.15    0.6    0.939693
-539.898567618562    2.15    0.6    0.866025
-542.782037991956    2.15    0.6    0.766044
-544.734584376132    2.15    0.6    0.642788
-545.803129336173    2.15    0.6    0.5
-546.384073578511    2.15    0.6    0.34202
-546.645865340146    2.15    0.6    0.173648
-546.723435691198    2.15    0.6    1.61554e-15
-532.064264957266    2.15    0.7    0.939693
-538.061104023642    2.15    0.7    0.866025
-542.177160769086    2.15    0.7    0.766044
-544.668137311407    2.15    0.7    0.642788
-545.920107592180    2.15    0.7    0.5
-546.465284001489    2.15    0.7    0.34202
-546.708779279537    2.15    0.7    0.173648
-546.773802020034    2.15    0.7    1.61554e-15
-526.268329349062    2.15    0.8    0.939693
-536.601179164598    2.15    0.8    0.866025
-541.867555936695    2.15    0.8    0.766044
-544.759584088728    2.15    0.8    0.642788
-546.061297218793    2.15    0.8    0.5
-546.608916831645    2.15    0.8    0.34202
-546.731991640819    2.15    0.8    0.173648
-546.793783076594    2.15    0.8    1.61554e-15
-546.624545679130    2.4    0    0.939693
-546.534364494966    2.4    0.1    0.939693
-546.551992214116    2.4    0.1    0.866025
-546.573162216877    2.4    0.1    0.766044
-546.595175792621    2.4    0.1    0.642788
-546.615404490658    2.4    0.1    0.5
-546.631581933049    2.4    0.1    0.34202
-546.641994273638    2.4    0.1    0.173648
-546.645583867423    2.4    0.1    1.61554e-15
-546.242984252702    2.4    0.2    0.939693
-546.322541957589    2.4    0.2    0.866025
-546.413551246237    2.4    0.2    0.766044
-546.503271168849    2.4    0.2    0.642788
-546.581499306373    2.4    0.2    0.5
-546.641248775896    2.4    0.2    0.34202
-546.678413544213    2.4    0.2    0.173648
-546.690994479601    2.4    0.2    1.61554e-15
-545.685840085466    2.4    0.3    0.939693
-545.905279445234    2.4    0.3    0.866025
-546.139413546045    2.4    0.3    0.766044
-546.352700156642    2.4    0.3    0.642788
-546.524418112151    2.4    0.3    0.5
-546.646550106273    2.4    0.3    0.34202
-546.718529356071    2.4    0.3    0.173648
-546.742196011604    2.4    0.3    1.61554e-15
-544.748570845640    2.4    0.4    0.939693
-545.258824365879    2.4    0.4    0.866025
-545.755335915615    2.4    0.4    0.766044
-546.162792594666    2.4    0.4    0.642788
-546.458342629062    2.4    0.4    0.5
-546.649853523326    2.4    0.4    0.34202
-546.754925110826    2.4    0.4    0.173648
-546.788138303283    2.4    0.4    1.61554e-15
-543.266041487549    2.4    0.5    0.939693
-544.348254907605    2.4    0.5    0.866025
-545.292840905478    2.4    0.5    0.766044
-545.978058823004    2.4    0.5    0.642788
-546.414546096843    2.4    0.5    0.5
-546.661233266232    2.4    0.5    0.34202
-546.783530131065    2.4    0.5    0.173648
-546.821464895806    2.4    0.5    1.61554e-15
-541.064485468632    2.4    0.6    0.939693
-543.157942859349    2.4    0.6    0.866025
-544.786493143551    2.4    0.6    0.766044
-545.824524568378    2.4    0.6    0.642788
-546.407615250248    2.4    0.6    0.5
-546.671178130124    2.4    0.6    0.34202
-546.802881108553    2.4    0.6    0.173648
-546.838269207055    2.4    0.6    1.61554e-15
-538.286101477174    2.4    0.7    0.939693
-541.758733957112    2.4    0.7    0.866025
-544.300809188925    2.4    0.7    0.766044
-545.724309393149    2.4    0.7    0.642788
-546.428856952498    2.4    0.7    0.5
-546.741893657497    2.4    0.7    0.34202
-546.811059321096    2.4    0.7    0.173648
-546.838029547447    2.4    0.7    1.61554e-15
-535.060821988254    2.4    0.8    0.939693
-540.272068780171    2.4    0.8    0.866025
-543.925527203809    2.4    0.8    0.766044
-545.697827261203    2.4    0.8    0.642788
-546.473537446437    2.4    0.8    0.5
-546.779430537392    2.4    0.8    0.34202
-546.792919802189    2.4    0.8    0.173648
-546.822432306846    2.4    0.8    1.61554e-15
-546.774628818424    2.65    0    0.939693
-546.735471963037    2.65    0.1    0.939693
-546.743796426041    2.65    0.1    0.866025
-546.753760142168    2.65    0.1    0.766044
-546.764078957799    2.65    0.1    0.642788
-546.773522890080    2.65    0.1    0.5
-546.781049381436    2.65    0.1    0.34202
-546.785881594390    2.65    0.1    0.173648
-546.787545297485    2.65    0.1    1.61554e-15
-546.606182026358    2.65    0.2    0.939693
-546.642472118768    2.65    0.2    0.866025
-546.684048905922    2.65    0.2    0.766044
-546.724931983192    2.65    0.2    0.642788
-546.760389450577    2.65    0.2    0.5
-546.787305170069    2.65    0.2    0.34202
-546.803958973010    2.65    0.2    0.173648
-546.809579528712    2.65    0.2    1.61554e-15
-546.352027564530    2.65    0.3    0.939693
-546.452983400018    2.65    0.3    0.866025
-546.560067153333    2.65    0.3    0.766044
-546.656399023773    2.65    0.3    0.642788
-546.733044387681    2.65    0.3    0.5
-546.786968800184    2.65    0.3    0.34202
-546.818374378934    2.65    0.3    0.173648
-546.828620403662    2.65    0.3    1.61554e-15
-545.906052134320    2.65    0.4    0.939693
-546.148511230066    2.65    0.4    0.866025
-546.384432692101    2.65    0.4    0.766044
-546.575163222321    2.65    0.4    0.642788
-546.707728278179    2.65    0.4    0.5
-546.786313596078    2.65    0.4    0.34202
-546.826433445082    2.65    0.4    0.173648
-546.839864449107    2.65    0.4    1.61554e-15
-545.164388911704    2.65    0.5    0.939693
-545.689445048944    2.65    0.5    0.866025
-546.151434072551    2.65    0.5    0.766044
-546.485662136402    2.65    0.5    0.642788
-546.692548128289    2.65    0.5    0.5
-546.772816987176    2.65    0.5    0.34202
-546.826459117038    2.65    0.5    0.173648
-546.840970983443    2.65    0.5    1.61554e-15
-543.989934240184    2.65    0.6    0.939693
-545.043361022556    2.65    0.6    0.866025
-545.867696420857    2.65    0.6    0.766044
-546.394698077909    2.65    0.6    0.642788
-546.683185712042    2.65    0.6    0.5
-546.815817339140    2.65    0.6    0.34202
-546.818872784107    2.65    0.6    0.173648
-546.831362771717    2.65    0.6    1.61554e-15
-542.239546850561    2.65    0.7    0.939693
-544.204609672305    2.65    0.7    0.866025
-545.559089686837    2.65    0.7    0.766044
-546.316691671770    2.65    0.7    0.642788
-546.681420594521    2.65    0.7    0.5
-546.827933033984    2.65    0.7    0.34202
-546.795823244776    2.65    0.7    0.173648
-546.811717178999    2.65    0.7    1.61554e-15
-539.842983087302    2.65    0.8    0.939693
-543.220902320685    2.65    0.8    0.866025
-545.268436736402    2.65    0.8    0.766044
-546.266213798182    2.65    0.8    0.642788
-546.687842222351    2.65    0.8    0.5
-546.834311641265    2.65    0.8    0.34202
-546.776853020288    2.65    0.8    0.173648
-546.783077750636    2.65    0.8    1.61554e-15
-546.769246496377    2.9    0    0.939693
-546.760883656352    2.9    0.1    0.939693
-546.763517088895    2.9    0.1    0.866025
-546.766755807196    2.9    0.1    0.766044
-546.770239465149    2.9    0.1    0.642788
-546.773532702374    2.9    0.1    0.5
-546.776201603940    2.9    0.1    0.34202
-546.777925023944    2.9    0.1    0.173648
-546.778519132823    2.9    0.1    1.61554e-15
-546.724664847452    2.9    0.2    0.939693
-546.737714836809    2.9    0.2    0.866025
-546.751902386430    2.9    0.2    0.766044
-546.764815607368    2.9    0.2    0.642788
-546.775148424338    2.9    0.2    0.5
-546.783221399336    2.9    0.2    0.34202
-546.788370786728    2.9    0.2    0.173648
-546.790103332332    2.9    0.2    1.61554e-15
-546.630865137370    2.9    0.3    0.939693
-546.673821794110    2.9    0.3    0.866025
-546.717689448196    2.9    0.3    0.766044
-546.754334451136    2.9    0.3    0.642788
-546.779385403671    2.9    0.3    0.5
-546.788396164597    2.9    0.3    0.34202
-546.793723291695    2.9    0.3    0.173648
-546.795858446214    2.9    0.3    1.61554e-15
-546.437503880309    2.9    0.4    0.939693
-546.547610629257    2.9    0.4    0.866025
-546.652177430037    2.9    0.4    0.766044
-546.732612566951    2.9    0.4    0.642788
-546.783070713415    2.9    0.4    0.5
-546.779426922885    2.9    0.4    0.34202
-546.791514051793    2.9    0.4    0.173648
-546.793897370973    2.9    0.4    1.61554e-15
-546.087279308682    2.9    0.5    0.939693
-546.333633325374    2.9    0.5    0.866025
-546.548201035425    2.9    0.5    0.766044
-546.697909380960    2.9    0.5    0.642788
-546.782611801341    2.9    0.5    0.5
-546.817610852352    2.9    0.5    0.34202
-546.775409393269    2.9    0.5    0.173648
-546.783843066406    2.9    0.5    1.61554e-15
-545.501401925284    2.9    0.6    0.939693
-546.007643601568    2.9    0.6    0.866025
-546.405606692554    2.9    0.6    0.766044
-546.654026030895    2.9    0.6    0.642788
-546.779015685809    2.9    0.6    0.5
-546.823969633699    2.9    0.6    0.34202
-546.763211404723    2.9    0.6    0.173648
-546.766104410966    2.9    0.6    1.61554e-15
-544.576963129840    2.9    0.7    0.939693
-545.552456847363    2.9    0.7    0.866025
-546.232589392378    2.9    0.7    0.766044
-546.607893953614    2.9    0.7    0.642788
-546.774122269694    2.9    0.7    0.5
-546.824653333317    2.9    0.7    0.34202
-546.744300314275    2.9    0.7    0.173648
-546.741391142338    2.9    0.7    1.61554e-15
-543.200385139800    2.9    0.8    0.939693
-544.969023060640    2.9    0.8    0.866025
-546.046868066638    2.9    0.8    0.766044
-546.567726636219    2.9    0.8    0.642788
-546.769369799349    2.9    0.8    0.5
-546.819297548060    2.9    0.8    0.34202
-546.720269635674    2.9    0.8    0.173648
-546.710428468985    2.9    0.8    1.61554e-15
-546.698738837022    3.15    0    0.939693
-546.714974165033    3.15    0.1    0.939693
-546.714610496456    3.15    0.1    0.866025
-546.713884987255    3.15    0.1    0.766044
-546.712659742594    3.15    0.1    0.642788
-546.710863771278    3.15    0.1    0.5
-546.708568132424    3.15    0.1    0.34202
-546.706980353360    3.15    0.1    0.173648
-546.706888828719    3.15    0.1    1.61554e-15
-546.726259501092    3.15    0.2    0.939693
-546.729806593899    3.15    0.2    0.866025
-546.732701755751    3.15    0.2    0.766044
-546.733861192041    3.15    0.2    0.642788
-546.732668298077    3.15    0.2    0.5
-546.716247725192    3.15    0.2    0.34202
-546.714985935644    3.15    0.2    0.173648
-546.714027395681    3.15    0.2    1.61554e-15
-546.709997635522    3.15    0.3    0.939693
-546.725895937901    3.15    0.3    0.866025
-546.740129901283    3.15    0.3    0.766044
-546.749308767286    3.15    0.3    0.642788
-546.752018750877    3.15    0.3    0.5
-546.719975691116    3.15    0.3    0.34202
-546.716928136125    3.15    0.3    0.173648
-546.714831790361    3.15    0.3    1.61554e-15
-546.643982614699    3.15    0.4    0.939693
-546.689538993415    3.15    0.4    0.866025
-546.729364304522    3.15    0.4    0.766044
-546.755409032592    3.15    0.4    0.642788
-546.766002349745    3.15    0.4    0.5
-546.719828501911    3.15    0.4    0.34202
-546.710415151258    3.15    0.4    0.173648
-546.708853683219    3.15    0.4    1.61554e-15
-546.497054358092    3.15    0.5    0.939693
-546.605876091755    3.15    0.5    0.866025
-546.695693842866    3.15    0.5    0.766044
-546.751334349182    3.15    0.5    0.642788
-546.774139316413    3.15    0.5    0.5
-546.773405142376    3.15    0.5    0.34202
-546.701423278156    3.15    0.5    0.173648
-546.696356352695    3.15    0.5    1.61554e-15
-546.224958337104    3.15    0.6    0.939693
-546.458554887859    3.15    0.6    0.866025
-546.636661542241    3.15    0.6    0.766044
-546.738145468845    3.15    0.6    0.642788
-546.776965479545    3.15    0.6    0.5
-546.777189853564    3.15    0.6    0.34202
-546.687556683779    3.15    0.6    0.173648
-546.677906140806    3.15    0.6    1.61554e-15
-545.764829448272    3.15    0.7    0.939693
-546.232143133071    3.15    0.7    0.866025
-546.497114293734    3.15    0.7    0.766044
-546.650292719690    3.15    0.7    0.642788
-546.775484150030    3.15    0.7    0.5
-546.775083085176    3.15    0.7    0.34202
-546.669421888797    3.15    0.7    0.173648
-546.654157403575    3.15    0.7    1.61554e-15
-545.046229268044    3.15    0.8    0.939693
-545.869002993985    3.15    0.8    0.866025
-546.402115583211    3.15    0.8    0.766044
-546.641198174312    3.15    0.8    0.642788
-546.770720136966    3.15    0.8    0.5
-546.767304388571    3.15    0.8    0.34202
-546.647603484420    3.15    0.8    0.173648
-546.625857587889    3.15    0.8    1.61554e-15
-546.605208151837    3.4    0    0.939693
-546.636077637147    3.4    0.1    0.939693
-546.633175834799    3.4    0.1    0.866025
-546.628909987975    3.4    0.1    0.766044
-546.624142065927    3.4    0.1    0.642788
-546.618565621489    3.4    0.1    0.5
-546.619792508707    3.4    0.1    0.34202
-546.618571258806    3.4    0.1    0.173648
-546.619788143466    3.4    0.1    1.61554e-15
-546.664097423264    3.4    0.2    0.939693
-546.660422915750    3.4    0.2    0.866025
-546.649260366907    3.4    0.2    0.766044
-546.671048244569    3.4    0.2    0.642788
-546.666879698133    3.4    0.2    0.5
-546.631037524468    3.4    0.2    0.34202
-546.625848268281    3.4    0.2    0.173648
-546.623994220245    3.4    0.2    1.61554e-15
-546.682359215406    3.4    0.3    0.939693
-546.676301992604    3.4    0.3    0.866025
-546.665606367948    3.4    0.3    0.766044
-546.695480651171    3.4    0.3    0.642788
-546.689245688900    3.4    0.3    0.5
-546.639297264709    3.4    0.3    0.34202
-546.628146405875    3.4    0.3    0.173648
-546.622683269938    3.4    0.3    1.61554e-15
-546.674915596418    3.4    0.4    0.939693
-546.683883360043    3.4    0.4    0.866025
-546.673417364928    3.4    0.4    0.766044
-546.714284316305    3.4    0.4    0.642788
-546.707221025178    3.4    0.4    0.5
-546.644357666540    3.4    0.4    0.34202
-546.625777845337    3.4    0.4    0.173648
-546.615876705158    3.4    0.4    1.61554e-15
-546.631797337786    3.4    0.5    0.939693
-546.661173791686    3.4    0.5    0.866025
-546.716171463901    3.4    0.5    0.766044
-546.726284630129    3.4    0.5    0.642788
-546.720108239385    3.4    0.5    0.5
-546.646167729941    3.4    0.5    0.34202
-546.620000133334    3.4    0.5    0.173648
-546.603962479034    3.4    0.5    1.61554e-15
-546.513108925139    3.4    0.6    0.939693
-546.598278260178    3.4    0.6    0.866025
-546.645358740698    3.4    0.6    0.766044
-546.662840421019    3.4    0.6    0.642788
-546.657058520248    3.4    0.6    0.5
-546.707727873234    3.4    0.6    0.34202
-546.607514139444    3.4    0.6    0.173648
-546.587584823594    3.4    0.6    1.61554e-15
-546.304708782262    3.4    0.7    0.939693
-546.487304000213    3.4    0.7    0.866025
-546.611321561697    3.4    0.7    0.766044
-546.682226337599    3.4    0.7    0.642788
-546.651721421825    3.4    0.7    0.5
-546.706290372957    3.4    0.7    0.34202
-546.593837563227    3.4    0.7    0.173648
-546.567542772657    3.4    0.7    1.61554e-15
-545.951286645301    3.4    0.8    0.939693
-546.330871586412    3.4    0.8    0.866025
-546.562068283720    3.4    0.8    0.766044
-546.643367953495    3.4    0.8    0.642788
-546.637258593470    3.4    0.8    0.5
-546.699736349502    3.4    0.8    0.34202
-546.577444650756    3.4    0.8    0.173648
-546.544785871617    3.4    0.8    1.61554e-15
-546.507232836860    3.65    0    0.939693
-546.547093231182    3.65    0.1    0.939693
-546.543829650352    3.65    0.1    0.866025
-546.539527825418    3.65    0.1    0.766044
-546.534418353324    3.65    0.1    0.642788
-546.528764812813    3.65    0.1    0.5
-546.523037875790    3.65    0.1    0.34202
-546.505076163952    3.65    0.1    0.173648
-546.504721935000    3.65    0.1    1.61554e-15
-546.579614909475    3.65    0.2    0.939693
-546.572011959602    3.65    0.2    0.866025
-546.562477680874    3.65    0.2    0.766044
-546.551502370002    3.65    0.2    0.642788
-546.538173149313    3.65    0.2    0.5
-546.532092152727    3.65    0.2    0.34202
-546.526261849083    3.65    0.2    0.173648
-546.536133458897    3.65    0.2    1.61554e-15
-546.610716685432    3.65    0.3    0.939693
-546.600481008601    3.65    0.3    0.866025
-546.583777932181    3.65    0.3    0.766044
-546.591391543868    3.65    0.3    0.642788
-546.568862939352    3.65    0.3    0.5
-546.538849842772    3.65    0.3    0.34202
-546.549059629152    3.65    0.3    0.173648
-546.547710437602    3.65    0.3    1.61554e-15
-546.635658911204    3.65    0.4    0.939693
-546.640227324613    3.65    0.4    0.866025
-546.628692386518    3.65    0.4    0.766044
-546.606970302410    3.65    0.4    0.642788
-546.561248455462    3.65    0.4    0.5
-546.540071388904    3.65    0.4    0.34202
-546.549198114051    3.65    0.4    0.173648
-546.541157442548    3.65    0.4    1.61554e-15
-546.651948488713    3.65    0.5    0.939693
-546.654328536197    3.65    0.5    0.866025
-546.615517277694    3.65    0.5    0.766044
-546.595854608296    3.65    0.5    0.642788
-546.570930787577    3.65    0.5    0.5
-546.539673898951    3.65    0.5    0.34202
-546.546756094473    3.65    0.5    0.173648
-546.531613272621    3.65    0.5    1.61554e-15
-546.623157873204    3.65    0.6    0.939693
-546.619138768994    3.65    0.6    0.866025
-546.622367053189    3.65    0.6    0.766044
-546.604307013763    3.65    0.6    0.642788
-546.571862048406    3.65    0.6    0.5
-546.535258613253    3.65    0.6    0.34202
-546.547598052029    3.65    0.6    0.173648
-546.519641789999    3.65    0.6    1.61554e-15
-546.548190065577    3.65    0.7    0.939693
-546.589199553062    3.65    0.7    0.866025
-546.619296890951    3.65    0.7    0.766044
-546.608067787830    3.65    0.7    0.642788
-546.571259735629    3.65    0.7    0.5
-546.533400045627    3.65    0.7    0.34202
-546.541179235600    3.65    0.7    0.173648
-546.493280312700    3.65    0.7    1.61554e-15
-546.361791423225    3.65    0.8    0.939693
-546.526933061830    3.65    0.8    0.866025
-546.605628832390    3.65    0.8    0.766044
-546.607443199518    3.65    0.8    0.642788
-546.566905309916    3.65    0.8    0.5
-546.514450146635    3.65    0.8    0.34202
-546.486073705774    3.65    0.8    0.173648
-546.479418347883    3.65    0.8    1.61554e-15
